wavelength,lu,lu_std,ld,ld_std,ed,ed_std,lw,lw_std,rhow,rhow_std,rhow_nosc,rhow_nosc_std,cycle_id,platform_id,azimuth,timestamp,solar_zenith_angle
355.0,1.7491037419872377,0.050441345502237785,37.68214856559521,0.19416830251710973,241.14813492213588,0.823863351953443,0.7555611400473282,0.050441345502237785,0.008685109756412268,0.0004338771554808162,0.009843183434435625,0.0006571320177043117,RTBE-P-JAGUAR_019375_20240316_144006,OOSTENDE_RT1,270,2024-03-16T14:44:09,63.36
357.5,1.7650290279068634,0.051805048577986665,37.393341269892744,0.19728454243568172,243.2949203541713,0.8661929696168678,0.7791012346483629,0.051805048577986665,0.008902221504510527,0.00044609468098441075,0.010060295182533886,0.0006689426963561138,RTBE-P-JAGUAR_019375_20240316_144006,OOSTENDE_RT1,270,2024-03-16T14:44:09,63.36
360.0,1.8187190005318683,0.05452337013415664,37.82406030397933,0.20410004836102769,249.41002464901135,0.9557682899555653,0.821434696933028,0.05452337013415664,0.009188796753188027,0.00046518444562166836,0.010346870431211387,0.0006867816131427605,RTBE-P-JAGUAR_019375_20240316_144006,OOSTENDE_RT1,270,2024-03-16T14:44:09,63.36
362.5,1.9494233968827823,0.06058024688863114,39.823998948352404,0.22058842141289398,269.06842082578333,1.1225241355804716,0.8994079110109439,0.06058024688863114,0.009343245195223488,0.00048665050780513506,0.010501318873246847,0.0007073236539385907,RTBE-P-JAGUAR_019375_20240316_144006,OOSTENDE_RT1,270,2024-03-16T14:44:09,63.36
365.0,2.1059311789699375,0.06500667696127739,42.16862119086267,0.23710686674911452,288.0447894665958,1.196021852968883,0.9940964452031761,0.06500667696127739,0.009684150182346809,0.0004917922298030787,0.010842223860370169,0.0007090025796127708,RTBE-P-JAGUAR_019375_20240316_144006,OOSTENDE_RT1,270,2024-03-16T14:44:09,63.36
367.5,2.211942725432581,0.0688418064540667,43.41244444028896,0.24669381968215637,301.7495487802145,1.2539417926989533,1.0673128503421465,0.0688418064540667,0.009953996657363096,0.0005020519932057891,0.011112070335386455,0.0007167298651819135,RTBE-P-JAGUAR_019375_20240316_144006,OOSTENDE_RT1,270,2024-03-16T14:44:09,63.36
370.0,2.2643697937683873,0.07199760902190444,43.48983275021379,0.25234293524297163,305.84858065455245,1.3686240029602283,1.1176994675431504,0.07199760902190444,0.010322628402202298,0.0005267182060626826,0.011480702080225657,0.0007395396738319912,RTBE-P-JAGUAR_019375_20240316_144006,OOSTENDE_RT1,270,2024-03-16T14:44:09,63.36
372.5,2.2663392082122686,0.07403362330345369,42.437027514544134,0.2604095952900832,304.7211134314905,1.440877293740604,1.1474275659527924,0.07403362330345369,0.010671595658407952,0.0005526157538663792,0.011829669336431313,0.0007632667276304608,RTBE-P-JAGUAR_019375_20240316_144006,OOSTENDE_RT1,270,2024-03-16T14:44:09,63.36
375.0,2.309246366322074,0.07768407876975537,42.05789039141066,0.2534324651038703,307.1570957461751,1.5069484706963938,1.200331205105984,0.07768407876975537,0.011118874333464996,0.0005851318292354876,0.012276948011488355,0.0007945501977451659,RTBE-P-JAGUAR_019375_20240316_144006,OOSTENDE_RT1,270,2024-03-16T14:44:09,63.36
377.5,2.3402052734289303,0.08003982396107583,41.48199526577633,0.25226531796988544,308.71698669232444,1.5682160394526667,1.2464743934533653,0.08003982396107583,0.011526407468663881,0.0006059069042203314,0.012684481146687241,0.0008145082188215983,RTBE-P-JAGUAR_019375_20240316_144006,OOSTENDE_RT1,270,2024-03-16T14:44:09,63.36
380.0,2.3426731948247763,0.08082469980605984,40.39442563499085,0.25418507939430907,304.9590061228636,1.6218022606044866,1.2776176107623536,0.08082469980605984,0.012003544832927815,0.0006254322276364694,0.013161618510951174,0.000832630871826156,RTBE-P-JAGUAR_019375_20240316_144006,OOSTENDE_RT1,270,2024-03-16T14:44:09,63.36
382.5,2.291478985294596,0.08000762926727492,38.28921899987014,0.24858681044740763,295.2555446273327,1.6059608422076095,1.2819301214564198,0.08000762926727492,0.012481982623260203,0.0006484373683566235,0.013640056301283563,0.0008513011352740512,RTBE-P-JAGUAR_019375_20240316_144006,OOSTENDE_RT1,270,2024-03-16T14:44:09,63.36
385.0,2.3332725303852664,0.08410216885055131,37.6492166215019,0.24347856087311345,296.25015944941754,1.6597646797549865,1.3405982252560986,0.08410216885055131,0.013058335669088485,0.0006893956785358156,0.014216409347111847,0.0008918636746150787,RTBE-P-JAGUAR_019375_20240316_144006,OOSTENDE_RT1,270,2024-03-16T14:44:09,63.36
387.5,2.4314218325992054,0.08998706347504354,37.94114563485178,0.24896922514197478,303.7967155926077,1.7760325966266852,1.43105041033245,0.08998706347504352,0.013640563783370181,0.00072899409140847,0.014798637461393538,0.0009305653518335612,RTBE-P-JAGUAR_019375_20240316_144006,OOSTENDE_RT1,270,2024-03-16T14:44:09,63.36
390.0,2.5571295609113927,0.09644602737285192,38.6686483575405,0.2616547927961164,313.43505841099943,1.9481402547013817,1.537576510857137,0.09644602737285192,0.014253217883710544,0.0007670762731940625,0.015411291561733905,0.00096668870610244,RTBE-P-JAGUAR_019375_20240316_144006,OOSTENDE_RT1,270,2024-03-16T14:44:09,63.36
392.5,2.6555290638600235,0.10155868165194859,38.85621436951994,0.27108151528699914,322.3687670278503,2.0727695087535394,1.6310305733075132,0.10155868165194859,0.014736870841960343,0.0007938497214244354,0.015894944519983703,0.0009897236978868434,RTBE-P-JAGUAR_019375_20240316_144006,OOSTENDE_RT1,270,2024-03-16T14:44:09,63.36
395.0,2.92774455385747,0.11464252384582421,41.28688110980074,0.28591756967760934,349.2713078333588,2.3540863173676714,1.8391581317640198,0.11464252384582425,0.015384612611846371,0.0008368444475019336,0.016542686289869726,0.0010311757726027431,RTBE-P-JAGUAR_019375_20240316_144006,OOSTENDE_RT1,270,2024-03-16T14:44:09,63.36
397.5,3.3600321479147435,0.13418527476479286,45.81088117066357,0.3199638985035607,392.4486093089863,2.7243394013954387,2.1521641306165593,0.1341852747647928,0.016070227968832874,0.0008812441213590863,0.017228301646856233,0.0010741673264259115,RTBE-P-JAGUAR_019375_20240316_144006,OOSTENDE_RT1,270,2024-03-16T14:44:09,63.36
400.0,3.880680183135569,0.1572815880030648,51.40899731706071,0.3677915278578572,450.05589017531224,3.102662788987243,2.5252099962750183,0.15728158800306474,0.016469028524724975,0.0009064620206877828,0.017627102202748338,0.0010978962662234915,RTBE-P-JAGUAR_019375_20240316_144006,OOSTENDE_RT1,270,2024-03-16T14:44:09,63.36
402.5,4.313057213551408,0.17710555821505214,55.54300433865308,0.41106766406228284,489.18795174558454,3.468961803756791,2.848588143956745,0.17710555821505214,0.017135720259918347,0.0009470136802844117,0.018293793937941713,0.0011373818971070957,RTBE-P-JAGUAR_019375_20240316_144006,OOSTENDE_RT1,270,2024-03-16T14:44:09,63.36
405.0,4.553355485869574,0.18966826752380356,56.81085547976334,0.42668203999823917,512.5849099586909,3.6923899100707263,3.055457745947942,0.18966826752380356,0.01756858686451517,0.0009731494660447328,0.01872666054253853,0.0011624619146902025,RTBE-P-JAGUAR_019375_20240316_144006,OOSTENDE_RT1,270,2024-03-16T14:44:09,63.36
407.5,4.74881556501085,0.19981767272891793,57.31098164183896,0.43959142551680935,526.4701373946122,3.8447635595493916,3.2377312986494675,0.19981767272891793,0.018162362828541168,0.0010042320523765292,0.01932043650656453,0.001192367217273058,RTBE-P-JAGUAR_019375_20240316_144006,OOSTENDE_RT1,270,2024-03-16T14:44:09,63.36
410.0,4.932241016301481,0.20936527197481042,57.507359803640306,0.451747748750483,538.7092421251003,4.030364793192109,3.41597896477478,0.20936527197481042,0.018762903319177657,0.0010340564236723765,0.019920976997201016,0.001220956220758788,RTBE-P-JAGUAR_019375_20240316_144006,OOSTENDE_RT1,270,2024-03-16T14:44:09,63.36
412.5,5.128254346474203,0.22126559737712378,57.73357115195915,0.4569306085909034,549.5472038162876,4.202884899597396,3.6060279160531867,0.22126559737712378,0.01945648086986868,0.0010786379855622817,0.02061455454789204,0.0012649074918130387,RTBE-P-JAGUAR_019375_20240316_144006,OOSTENDE_RT1,270,2024-03-16T14:44:09,63.36
415.0,5.2875238247019265,0.2310196152936628,57.446144458489336,0.46174823400270576,556.6695769957279,4.351767286039957,3.772875801451612,0.2310196152936628,0.020134339973743445,0.0011184927371721669,0.021292413651766803,0.0013037707757600002,RTBE-P-JAGUAR_019375_20240316_144006,OOSTENDE_RT1,270,2024-03-16T14:44:09,63.36
417.5,5.418241478602186,0.23997073965735632,56.76409431728615,0.46478231954113863,560.0037607089672,4.455877198910246,3.921576662194893,0.23997073965735635,0.020841772210231913,0.0011618339544830754,0.02199984588825527,0.0013462236607654754,RTBE-P-JAGUAR_019375_20240316_144006,OOSTENDE_RT1,270,2024-03-16T14:44:09,63.36
420.0,5.522527128138561,0.24803343997047697,55.731154834862146,0.4645108417954171,559.3855022574782,4.482106213007548,4.053097207300653,0.24803343997047694,0.021604726500662922,0.001209305162096141,0.02276280017868628,0.0013929928997287273,RTBE-P-JAGUAR_019375_20240316_144006,OOSTENDE_RT1,270,2024-03-16T14:44:09,63.36
422.5,5.601255463989369,0.2539791420885344,54.40510524277383,0.45710105601889783,553.4726861144939,4.525552117071731,4.166788697116298,0.25397914208853434,0.022493233944433765,0.0012583679079056454,0.023651307622457127,0.0014416230953541954,RTBE-P-JAGUAR_019375_20240316_144006,OOSTENDE_RT1,270,2024-03-16T14:44:09,63.36
425.0,5.616092681225271,0.25608911711603594,52.470203140347365,0.44851685463371177,543.4874316435636,4.53724556678921,4.232642317145617,0.256089117116036,0.023308431404910557,0.0012976377207024414,0.024466505082933913,0.0014803059687379654,RTBE-P-JAGUAR_019375_20240316_144006,OOSTENDE_RT1,270,2024-03-16T14:44:09,63.36
427.5,5.6621162884119025,0.2605097434562504,50.769260839420156,0.44372882932901997,533.8737225672866,4.550399140429021,4.323513649415414,0.26050974345625044,0.024283745509821705,0.0013512815762279564,0.025441819187845063,0.0015329757986497813,RTBE-P-JAGUAR_019375_20240316_144006,OOSTENDE_RT1,270,2024-03-16T14:44:09,63.36
430.0,5.7884941966365995,0.2696759323259767,49.72156295013922,0.44512232253910217,532.505695288393,4.631538638213284,4.477515579268048,0.26967593232597675,0.025257662669255023,0.001410500766492476,0.026415736347278382,0.001590991298950213,RTBE-P-JAGUAR_019375_20240316_144006,OOSTENDE_RT1,270,2024-03-16T14:44:09,63.36
432.5,6.10593356805308,0.2877169268961012,50.24272916018695,0.45861193752748586,547.9661187919974,4.817202437553708,4.7812136739239275,0.2877169268961012,0.0262535221088763,0.0014694645912057371,0.027411595786899657,0.0016495351680554005,RTBE-P-JAGUAR_019375_20240316_144006,OOSTENDE_RT1,270,2024-03-16T14:44:09,63.36
435.0,6.523207281914859,0.3107467372453353,51.501128948510654,0.4750887708745417,568.6833725434102,5.061779152404273,5.165307915606848,0.31074673724533525,0.027376773980039616,0.001537233452178188,0.028534847658062978,0.001716666450947487,RTBE-P-JAGUAR_019375_20240316_144006,OOSTENDE_RT1,270,2024-03-16T14:44:09,63.36
437.5,6.963495052681801,0.3347944052517245,52.79899785575896,0.49255283757412205,591.7052960840552,5.3360738269486925,5.571375555617717,0.3347944052517245,0.028422517592249754,0.0015985731362348566,0.029580591270273113,0.0017775532025191966,RTBE-P-JAGUAR_019375_20240316_144006,OOSTENDE_RT1,270,2024-03-16T14:44:09,63.36
440.0,7.409863532321862,0.35901383756443117,53.96733778861383,0.5114357329070565,613.3249979659549,5.589871587891507,5.986939117252155,0.35901383756443117,0.02950841474267651,0.0016602375176247416,0.030666488420699876,0.0018389520048424702,RTBE-P-JAGUAR_019375_20240316_144006,OOSTENDE_RT1,270,2024-03-16T14:44:09,63.36
442.5,7.875393377861781,0.3842596883422371,55.05890333105345,0.535621695698803,634.820384578111,5.859319661525625,6.423688309073893,0.3842596883422371,0.03063140960101284,0.0017234096320421785,0.0317894832790362,0.001901620432004476,RTBE-P-JAGUAR_019375_20240316_144006,OOSTENDE_RT1,270,2024-03-16T14:44:09,63.36
445.0,8.357228688205373,0.4110605724295677,56.07787676663087,0.551026964625617,655.5753315256624,6.143792925091561,6.878656958225677,0.4110605724295677,0.03180524438373959,0.00179217389127432,0.032963318061762954,0.0019698497066993345,RTBE-P-JAGUAR_019375_20240316_144006,OOSTENDE_RT1,270,2024-03-16T14:44:09,63.36
447.5,8.820738996298113,0.43724361430185354,56.85507859733392,0.5653631975826576,674.440403491281,6.41519285745794,7.321675251969367,0.43724361430185343,0.03294682434482252,0.0018594792259221087,0.03410489802284588,0.0020367126871536985,RTBE-P-JAGUAR_019375_20240316_144006,OOSTENDE_RT1,270,2024-03-16T14:44:09,63.36
450.0,9.249049263409926,0.46154727208188273,57.30330746220263,0.5796580898187231,688.5509502148216,6.600746060227312,7.738167337538505,0.4615472720818828,0.03414820199013875,0.0019289340663326817,0.03530627566816211,0.002105862345850322,RTBE-P-JAGUAR_019375_20240316_144006,OOSTENDE_RT1,270,2024-03-16T14:44:09,63.36
452.5,9.608749595298004,0.48075234654103616,57.243626716328045,0.5869781860834408,697.0680321577148,6.763085985538868,8.099441235844616,0.4807523465410358,0.03534502775663631,0.001989924252943427,0.03650310143465967,0.002166686708346502,RTBE-P-JAGUAR_019375_20240316_144006,OOSTENDE_RT1,270,2024-03-16T14:44:09,63.36
455.0,9.927199702780868,0.4986223809081074,56.87073152967881,0.5939472651364515,703.085678472229,6.926145425643638,8.427723246976747,0.49862238090810734,0.0364994611713881,0.002051502595867347,0.03765753484941145,0.0022279907794171285,RTBE-P-JAGUAR_019375_20240316_144006,OOSTENDE_RT1,270,2024-03-16T14:44:09,63.36
457.5,10.238870375492986,0.5160987313571919,56.432693421795534,0.5989245869675103,707.4969842860392,7.0760840800463845,8.750943407656557,0.5160987313571919,0.03769990046474552,0.0021154513132322634,0.038857974142768884,0.0022917016170676007,RTBE-P-JAGUAR_019375_20240316_144006,OOSTENDE_RT1,270,2024-03-16T14:44:09,63.36
460.0,10.54922661344721,0.5331491110245226,55.97867184365023,0.6015812933302217,711.3986156249948,7.156440716370022,9.073270560148792,0.5331491110245226,0.038910208027520196,0.0021783543943557577,0.04006828170554355,0.0023544287178448656,RTBE-P-JAGUAR_019375_20240316_144006,OOSTENDE_RT1,270,2024-03-16T14:44:09,63.36
462.5,10.817505903565857,0.5475179420324364,55.279977586490226,0.6040044144825254,711.6464210546915,7.270877521115103,9.359971902529422,0.5475179420324364,0.04016191065241628,0.0022411040924258446,0.04131998433043965,0.0024170406728786357,RTBE-P-JAGUAR_019375_20240316_144006,OOSTENDE_RT1,270,2024-03-16T14:44:09,63.36
465.0,11.046619854602051,0.559535170691397,54.367631579626256,0.5973774700475113,709.9859150228299,7.326619283376096,9.613141133320996,0.559535170691397,0.04137878927001412,0.002300074265476797,0.042536862948037484,0.0024758682453759387,RTBE-P-JAGUAR_019375_20240316_144006,OOSTENDE_RT1,270,2024-03-16T14:44:09,63.36
467.5,11.282632675662624,0.5721178356349657,53.461059424461894,0.5964470690211684,707.6118972605396,7.332987340221866,9.873056998453494,0.5721178356349657,0.04267545068030781,0.002364282979769483,0.043833524358331155,0.0025400381146456603,RTBE-P-JAGUAR_019375_20240316_144006,OOSTENDE_RT1,270,2024-03-16T14:44:09,63.36
470.0,11.550029709569927,0.5867003956113762,52.67683531529797,0.6048603943383316,707.7375348383945,7.401488574606049,10.161131198912654,0.5867003956113762,0.043946408641054396,0.002428529219693171,0.04510448231907776,0.0026043180727044484,RTBE-P-JAGUAR_019375_20240316_144006,OOSTENDE_RT1,270,2024-03-16T14:44:09,63.36
472.5,11.893746443797415,0.605168157824235,52.23402464091779,0.6038149640998373,710.8310145162873,7.522781462426872,10.516523256505122,0.6051681578242352,0.04532081023283853,0.002499046293000356,0.046478883910861885,0.0026746045121579646,RTBE-P-JAGUAR_019375_20240316_144006,OOSTENDE_RT1,270,2024-03-16T14:44:09,63.36
475.0,12.266811902183015,0.6248018823304444,51.90331382593701,0.6073077374464033,714.8518496871698,7.646884161209141,10.89830836852283,0.6248018823304444,0.04673722871517963,0.0025706300544485012,0.04789530239320299,0.002745845876089406,RTBE-P-JAGUAR_019375_20240316_144006,OOSTENDE_RT1,270,2024-03-16T14:44:09,63.36
477.5,12.619145438600116,0.6428797681722981,51.48825003240754,0.61131296348164,718.308656109889,7.747965596798086,11.261585642945645,0.6428797681722981,0.04809556460506856,0.002636634676581629,0.049253638283091906,0.0028116970882258543,RTBE-P-JAGUAR_019375_20240316_144006,OOSTENDE_RT1,270,2024-03-16T14:44:09,63.36
480.0,12.913304819296314,0.6573442219747325,50.849338054454876,0.6131207922523622,716.4460606252459,7.766173093513106,11.572590832417335,0.6573442219747325,0.049587360403077624,0.0027072124646371903,0.050745434081100986,0.00288243301503157,RTBE-P-JAGUAR_019375_20240316_144006,OOSTENDE_RT1,270,2024-03-16T14:44:09,63.36
482.5,13.018295559008191,0.6609770609411804,49.544200709482,0.6046512517948318,707.8389543927705,7.735143120920021,11.711993345421705,0.6609770609411804,0.050823117840934344,0.0027581669292191533,0.051981191518957706,0.0029336061062442617,RTBE-P-JAGUAR_019375_20240316_144006,OOSTENDE_RT1,270,2024-03-16T14:44:09,63.36
485.0,13.113518845023721,0.664983346127746,48.23753299181654,0.595275941139449,698.8817450344796,7.711418481206624,11.841668755148289,0.664983346127746,0.052072247233538434,0.0028140491451905465,0.053230320911561796,0.002989213568386191,RTBE-P-JAGUAR_019375_20240316_144006,OOSTENDE_RT1,270,2024-03-16T14:44:09,63.36
487.5,13.285907249222356,0.6732308704827377,47.2387125584877,0.5914602147557168,692.6421399360274,7.7210018730159256,12.040392458420246,0.6732308704827377,0.05345311197291698,0.002878620941144753,0.05461118565094034,0.0030535496397515937,RTBE-P-JAGUAR_019375_20240316_144006,OOSTENDE_RT1,270,2024-03-16T14:44:09,63.36
490.0,13.582068229843486,0.6877293176446497,46.71626153842154,0.5958192522133298,695.1619080899426,7.810248507603294,12.35032859161685,0.6877293176446498,0.054655832580809555,0.0029330582863060393,0.05581390625883291,0.003108003109530582,RTBE-P-JAGUAR_019375_20240316_144006,OOSTENDE_RT1,270,2024-03-16T14:44:09,63.36
492.5,13.97763205943981,0.7060174759846608,46.601350201185916,0.5968118113727126,699.3739269214922,7.885382231195097,12.748922219495261,0.7060174759846608,0.05611017560066329,0.0029964465990913315,0.057268249278686637,0.0031714355232296213,RTBE-P-JAGUAR_019375_20240316_144006,OOSTENDE_RT1,270,2024-03-16T14:44:09,63.36
495.0,14.27562036879746,0.7198766719642548,46.17003472115734,0.5983679043374657,701.4151688850652,7.947383966887081,13.058282765325536,0.7198766719642548,0.0573291205314408,0.0030494625769607094,0.058487194209464154,0.0032242805180966263,RTBE-P-JAGUAR_019375_20240316_144006,OOSTENDE_RT1,270,2024-03-16T14:44:09,63.36
497.5,14.494903492415142,0.7303258250245407,45.495856703441184,0.5990897711441053,699.6597283815271,7.994441554657256,13.29534153622953,0.7303258250245407,0.05854029912071715,0.003104518699281906,0.05969837279874051,0.0032792887078572346,RTBE-P-JAGUAR_019375_20240316_144006,OOSTENDE_RT1,270,2024-03-16T14:44:09,63.36
500.0,14.650315906934503,0.738102086202486,44.633894229743014,0.5981409234882753,694.9168519707731,8.005910933930712,13.473480798115407,0.738102086202486,0.05975308162580966,0.0031618293658009634,0.060911155303833016,0.00333682524036783,RTBE-P-JAGUAR_019375_20240316_144006,OOSTENDE_RT1,270,2024-03-16T14:44:09,63.36
502.5,14.847375460363411,0.747013039127979,43.91142223557474,0.5961507729120176,692.2059312941102,8.022690350323067,13.689589337131354,0.747013039127979,0.06097244463722611,0.003215268725092045,0.062130518315249454,0.003390335982057788,RTBE-P-JAGUAR_019375_20240316_144006,OOSTENDE_RT1,270,2024-03-16T14:44:09,63.36
505.0,15.098777194920473,0.7583540662473525,43.38726625791054,0.5963744595439521,691.0144509071819,8.041153389347278,13.954811177857898,0.7583540662473524,0.062285364040299836,0.003272812071313858,0.06344343771832321,0.0034477420265450324,RTBE-P-JAGUAR_019375_20240316_144006,OOSTENDE_RT1,270,2024-03-16T14:44:09,63.36
507.5,15.33814969708406,0.7695018229853496,42.87484558376149,0.59407984198748,690.7326499599877,8.055056360477268,14.207694368484368,0.7695018229853495,0.06346141152376222,0.0033250064565951538,0.06461948520178558,0.00349985088174819,RTBE-P-JAGUAR_019375_20240316_144006,OOSTENDE_RT1,270,2024-03-16T14:44:09,63.36
510.0,15.514639739488404,0.7783073709607761,42.232629948543355,0.5863197788021943,685.627068429836,7.993163166377366,14.401117325213129,0.7783073709607761,0.06482888406561503,0.003391258665070226,0.06598695774363839,0.0035662604809999347,RTBE-P-JAGUAR_019375_20240316_144006,OOSTENDE_RT1,270,2024-03-16T14:44:09,63.36
512.5,15.50661720469082,0.7763284484228974,41.11265323867129,0.5822215452808057,676.3863489305749,7.954270684678743,14.42262454433872,0.7763284484228974,0.06583028495106104,0.003430626993324814,0.0669883586290844,0.003605790912537279,RTBE-P-JAGUAR_019375_20240316_144006,OOSTENDE_RT1,270,2024-03-16T14:44:09,63.36
515.0,15.520004693478903,0.7750158108138313,40.0468864820918,0.5729125333118463,666.904585226165,7.909167536531553,14.464112465737475,0.7750158108138313,0.06697813421391575,0.0034756710044811325,0.06813620789193911,0.0036508730508172647,RTBE-P-JAGUAR_019375_20240316_144006,OOSTENDE_RT1,270,2024-03-16T14:44:09,63.36
517.5,15.637370907911448,0.7791601812408396,39.23660702871981,0.5654563633143285,660.0039876822856,7.8430497438954605,14.602842832349411,0.7791601812408395,0.06835087569171784,0.0035336291145431054,0.06950894936974118,0.003708771381748442,RTBE-P-JAGUAR_019375_20240316_144006,OOSTENDE_RT1,270,2024-03-16T14:44:09,63.36
520.0,15.92452575526221,0.7925615862619464,38.84316213330063,0.5652866538428793,661.6401765967165,7.922441087824027,14.900371405190748,0.7925615862619464,0.06959170694002835,0.0035882476474263397,0.0707497806180517,0.0037632322597538595,RTBE-P-JAGUAR_019375_20240316_144006,OOSTENDE_RT1,270,2024-03-16T14:44:09,63.36
522.5,16.336586010036537,0.8124989860834118,38.79025634269476,0.5738913453122758,665.5239742176947,8.013827116960027,15.31382659520251,0.8124989860834118,0.07113053949536076,0.003660465478721739,0.0722886131733841,0.003835385267268914,RTBE-P-JAGUAR_019375_20240316_144006,OOSTENDE_RT1,270,2024-03-16T14:44:09,63.36
525.0,16.729229251197083,0.8309916504337791,38.685075359281136,0.5808639670843713,670.074567738789,8.084152527345536,15.70924308024413,0.8309916504337791,0.0724934944166933,0.003721318816282734,0.07365156809471665,0.0038960399183735435,RTBE-P-JAGUAR_019375_20240316_144006,OOSTENDE_RT1,270,2024-03-16T14:44:09,63.36
527.5,17.10102573435078,0.8481391537892846,38.5326082714828,0.5861342468352337,673.9713736206974,8.104967184820046,16.085059571621557,0.8481391537892846,0.0738194505323738,0.003778755407036284,0.07497752421039718,0.0039534434829955134,RTBE-P-JAGUAR_019375_20240316_144006,OOSTENDE_RT1,270,2024-03-16T14:44:09,63.36
530.0,17.449975724607505,0.8639811026804498,38.33569300291604,0.5895812567481652,676.8093601205782,8.204206080494222,16.43920150861542,0.8639811026804498,0.07514890097898713,0.003835356167802514,0.0763069746570105,0.004010400631187697,RTBE-P-JAGUAR_019375_20240316_144006,OOSTENDE_RT1,270,2024-03-16T14:44:09,63.36
532.5,17.756746526412364,0.8770399749932334,38.075336623127654,0.590716577430934,677.6275542241706,8.285968246790233,16.75283697087233,0.8770399749932334,0.07651083046613859,0.003891343262345016,0.07766890414416193,0.004066101393261553,RTBE-P-JAGUAR_019375_20240316_144006,OOSTENDE_RT1,270,2024-03-16T14:44:09,63.36
535.0,17.978684658031,0.8859810233454535,37.64689672349382,0.5936215954108596,676.5691938717899,8.32407108430824,16.98607152026067,0.8859810233454537,0.07771533348380805,0.003939443326623764,0.07887340716183139,0.004113979027383112,RTBE-P-JAGUAR_019375_20240316_144006,OOSTENDE_RT1,270,2024-03-16T14:44:09,63.36
537.5,18.15121527002181,0.8925494229789399,37.12866163912998,0.5936876531599166,673.7076002788,8.287386315608611,17.17226612577986,0.8925494229789405,0.07891860214382203,0.003987714481151144,0.08007667582184537,0.004162082643918606,RTBE-P-JAGUAR_019375_20240316_144006,OOSTENDE_RT1,270,2024-03-16T14:44:09,63.36
540.0,18.307561240612383,0.8983819244889012,36.59442428915848,0.5862354346296048,670.8093620811252,8.303691223936662,17.342698012034713,0.8983819244889014,0.08006275558858654,0.004033139303148763,0.08122082926660988,0.004207380238904397,RTBE-P-JAGUAR_019375_20240316_144006,OOSTENDE_RT1,270,2024-03-16T14:44:09,63.36
542.5,18.503012150888473,0.9072905551557092,36.17617122567399,0.5835571866625089,669.1351441767715,8.330193981347923,17.549176749883863,0.9072905551557092,0.08123539382070231,0.0040854757087530665,0.08239346749872567,0.00425973342986687,RTBE-P-JAGUAR_019375_20240316_144006,OOSTENDE_RT1,270,2024-03-16T14:44:09,63.36
545.0,18.726975467092927,0.9173339259432115,35.82356369937583,0.5844870118071912,668.3874334769013,8.359202447156292,17.7824370571697,0.9173339259432116,0.08242394899873584,0.004137468993929734,0.0835820226767592,0.0043117051253350235,RTBE-P-JAGUAR_019375_20240316_144006,OOSTENDE_RT1,270,2024-03-16T14:44:09,63.36
547.5,18.95793712712482,0.9277475651123138,35.494420863958965,0.5851565056289029,668.1588841440433,8.381268146177524,18.02207702885733,0.9277475651123142,0.08357929364564708,0.0041879441059015626,0.08473736732367042,0.004362143502254663,RTBE-P-JAGUAR_019375_20240316_144006,OOSTENDE_RT1,270,2024-03-16T14:44:09,63.36
550.0,19.172879467210898,0.9377173196895482,35.14389159584909,0.5813702398194001,666.9670903602847,8.377434165494584,18.2462615638381,0.9377173196895486,0.08478667848878446,0.004242720661014444,0.0859447521668078,0.00441689835264474,RTBE-P-JAGUAR_019375_20240316_144006,OOSTENDE_RT1,270,2024-03-16T14:44:09,63.36
552.5,19.317662444155452,0.9451695223542547,34.66305163364049,0.5816043556691081,664.0992806585697,8.376434842186988,18.403722559562233,0.9451695223542547,0.08590270364203317,0.004297192832168819,0.08706077732005651,0.004471225484359036,RTBE-P-JAGUAR_019375_20240316_144006,OOSTENDE_RT1,270,2024-03-16T14:44:09,63.36
555.0,19.409008270395937,0.9483622978203842,34.09796417321827,0.5815224350056227,659.7097847173491,8.362950553152494,18.509967707819193,0.9483622978203842,0.08698792614822391,0.004342321764189222,0.08814599982624727,0.00451617983663916,RTBE-P-JAGUAR_019375_20240316_144006,OOSTENDE_RT1,270,2024-03-16T14:44:09,63.36
557.5,19.469864835223014,0.9499317728228848,33.49340310662412,0.5795990061757762,654.0332907701156,8.305327121205725,18.58676437155252,0.9499317728228848,0.08812185018474826,0.004389220335242595,0.08927992386277162,0.004562915559539684,RTBE-P-JAGUAR_019375_20240316_144006,OOSTENDE_RT1,270,2024-03-16T14:44:09,63.36
560.0,19.526138947744865,0.9529887535805526,32.90027381920323,0.5740692979737104,648.8383968606822,8.296145378040604,18.658677168118228,0.9529887535805525,0.08918485824567136,0.004440667402771588,0.09034293192369472,0.004614249837383167,RTBE-P-JAGUAR_019375_20240316_144006,OOSTENDE_RT1,270,2024-03-16T14:44:09,63.36
562.5,19.59143093253483,0.9573110457002841,32.389365504255125,0.5700861749367453,643.7848939842912,8.248812242390716,18.737439965903437,0.9573110457002841,0.09027837395225978,0.004497889164249869,0.09143644763028314,0.004671562468264067,RTBE-P-JAGUAR_019375_20240316_144006,OOSTENDE_RT1,270,2024-03-16T14:44:09,63.36
565.0,19.611298350044844,0.9584958348454072,31.858130720666768,0.5669772547921074,638.7469959191496,8.182205412044821,18.77131413221145,0.9584958348454071,0.0911661532110941,0.004540685400705788,0.09232422688911747,0.004714235045307195,RTBE-P-JAGUAR_019375_20240316_144006,OOSTENDE_RT1,270,2024-03-16T14:44:09,63.36
567.5,19.596241138755815,0.957806345014937,31.327036374320674,0.5637178594649908,633.5172215713386,8.156452606937945,18.770259966895928,0.957806345014937,0.09192307520015369,0.004576418983896313,0.09308114887817705,0.004749732563855451,RTBE-P-JAGUAR_019375_20240316_144006,OOSTENDE_RT1,270,2024-03-16T14:44:09,63.36
570.0,19.560306478651942,0.9569417343096119,30.82584751477755,0.5591148297004651,629.1578449805793,8.150688755233084,18.747539852738313,0.9569417343096119,0.0924545768581272,0.00460522678470833,0.09361265053615057,0.00477832573559239,RTBE-P-JAGUAR_019375_20240316_144006,OOSTENDE_RT1,270,2024-03-16T14:44:09,63.36
572.5,19.51217502695558,0.956715689977083,30.407245870287543,0.5561506604982125,625.947731736046,8.12168919016333,18.71044541944123,0.956715689977083,0.09274848575958856,0.00462838203591739,0.09390655943761193,0.004801696420993699,RTBE-P-JAGUAR_019375_20240316_144006,OOSTENDE_RT1,270,2024-03-16T14:44:09,63.36
575.0,19.476694645236016,0.9562115621653758,30.081805869508667,0.5560285689570822,624.1884692326151,8.095852308354164,18.683545718958204,0.9562115621653758,0.09287777104985154,0.004639343013194712,0.0940358447278749,0.004812692587335924,RTBE-P-JAGUAR_019375_20240316_144006,OOSTENDE_RT1,270,2024-03-16T14:44:09,63.36
577.5,19.451481363889847,0.9557774987204235,29.859374104092677,0.5580147534799758,624.7468997075415,8.171552663624734,18.664197162511694,0.9557774987204235,0.09269642118757222,0.004632924841856473,0.09385449486559558,0.004806208033768758,RTBE-P-JAGUAR_019375_20240316_144006,OOSTENDE_RT1,270,2024-03-16T14:44:09,63.36
580.0,19.432390418942507,0.9559423742688024,29.757254033103333,0.5610562376603381,626.0533208306161,8.19707939045974,18.64779875620409,0.9559423742688025,0.09241828096919043,0.004623739546174248,0.0935763546472138,0.004797006006251326,RTBE-P-JAGUAR_019375_20240316_144006,OOSTENDE_RT1,270,2024-03-16T14:44:09,63.36
582.5,19.26420454379747,0.9488382690355324,29.544193358182724,0.5624374464319543,625.2777255321788,8.227542857000685,18.48523052403828,0.9488382690355324,0.0917175590894897,0.004593830310232795,0.09287563276751305,0.004767262951690545,RTBE-P-JAGUAR_019375_20240316_144006,OOSTENDE_RT1,270,2024-03-16T14:44:09,63.36
585.0,18.901999464867504,0.9330062171082374,29.122732570374442,0.558010963056541,621.6841301173565,8.251470239547944,18.134137848823986,0.9330062171082371,0.09048022217858102,0.0045411447410762685,0.09163829585660438,0.0047148147031958595,RTBE-P-JAGUAR_019375_20240316_144006,OOSTENDE_RT1,270,2024-03-16T14:44:09,63.36
587.5,18.40819060155268,0.9113996677850202,28.581108998315433,0.5512408683191897,614.5744025509135,8.180234256296336,17.65460964925949,0.9113996677850202,0.08908908231463823,0.00448500366058978,0.0902471559926616,0.0046589094646850284,RTBE-P-JAGUAR_019375_20240316_144006,OOSTENDE_RT1,270,2024-03-16T14:44:09,63.36
590.0,17.871189918625472,0.8881730435172928,28.049627335531284,0.5473746033900707,610.1657121828222,8.130716802632568,17.13162222444592,0.8881730435172928,0.08704842080337882,0.004398997570235562,0.08820649448140216,0.004572983786074119,RTBE-P-JAGUAR_019375_20240316_144006,OOSTENDE_RT1,270,2024-03-16T14:44:09,63.36
592.5,17.436647603706803,0.8704819213636277,27.777309975864938,0.5454835022721988,608.9770644617887,8.134361883192808,16.704259937959158,0.8704819213636277,0.08501591113555347,0.00431683489919417,0.08617398481357683,0.0044906446709214185,RTBE-P-JAGUAR_019375_20240316_144006,OOSTENDE_RT1,270,2024-03-16T14:44:09,63.36
595.0,16.996975330252198,0.8524606603981298,27.580544520125443,0.5459894443457983,610.6344476534651,8.184123428754342,16.269775661216762,0.8524606603981298,0.08254668272615386,0.004211800136957706,0.08370475640417721,0.004385740369663652,RTBE-P-JAGUAR_019375_20240316_144006,OOSTENDE_RT1,270,2024-03-16T14:44:09,63.36
597.5,16.54121860198149,0.8335137579918204,27.417385463137038,0.5469622861933895,612.3684083421051,8.197979687568795,15.818320849906236,0.833513757991821,0.0799935989053691,0.004101842878592678,0.08115167258339244,0.004276119837505144,RTBE-P-JAGUAR_019375_20240316_144006,OOSTENDE_RT1,270,2024-03-16T14:44:09,63.36
600.0,16.061048826906667,0.8132006167394993,27.240851300351917,0.5454585627648382,613.8502609690091,8.222438982721874,15.342805645181068,0.8132006167394998,0.07736408158549021,0.0039872621529742575,0.07852215526351357,0.00416183757812637,RTBE-P-JAGUAR_019375_20240316_144006,OOSTENDE_RT1,270,2024-03-16T14:44:09,63.36
602.5,15.677143391536,0.7964103652515085,27.067697539153713,0.5494074625839368,614.7714952510859,8.253952476330197,14.963465651139664,0.7964103652515087,0.0753079208012165,0.0038949898397230777,0.07646599447923985,0.004069799872056578,RTBE-P-JAGUAR_019375_20240316_144006,OOSTENDE_RT1,270,2024-03-16T14:44:09,63.36
605.0,15.361293568696224,0.7811022753704673,26.870634264864766,0.5493686567065924,614.8854469081348,8.2867468527864,14.652811677415094,0.7811022753704673,0.07370654663731067,0.0038159363854340708,0.07486462031533403,0.0039908330606054305,RTBE-P-JAGUAR_019375_20240316_144006,OOSTENDE_RT1,270,2024-03-16T14:44:09,63.36
607.5,15.094576533233562,0.7674663663494308,26.639038562545807,0.5451316146238162,613.3215613047452,8.289832883514324,14.392200986878054,0.7674663663494308,0.07256252533887288,0.003756138818894554,0.07372059901689623,0.003931162461126361,RTBE-P-JAGUAR_019375_20240316_144006,OOSTENDE_RT1,270,2024-03-16T14:44:09,63.36
610.0,14.852111241582264,0.756059989706317,26.35716483589246,0.537049577685286,610.8282070234636,8.319779120603034,14.15716769065319,0.756059989706317,0.07165463127108909,0.003713032884614486,0.07281270494911246,0.0038885442453761836,RTBE-P-JAGUAR_019375_20240316_144006,OOSTENDE_RT1,270,2024-03-16T14:44:09,63.36
612.5,14.638951788115133,0.7448057279213524,26.068141446076037,0.5337678325160917,607.9979033925869,8.326730298080044,13.951628743491312,0.7448057279213524,0.07093154064727977,0.0036727527168632997,0.07208961432530313,0.003848493868371864,RTBE-P-JAGUAR_019375_20240316_144006,OOSTENDE_RT1,270,2024-03-16T14:44:09,63.36
615.0,14.458332359808594,0.7348134120540487,25.81008555734246,0.5321680487719938,605.0908930879938,8.292348675562659,13.777813319969482,0.7348134120540487,0.07037543906029052,0.0036392641579259598,0.07153351273831388,0.0038151035545870367,RTBE-P-JAGUAR_019375_20240316_144006,OOSTENDE_RT1,270,2024-03-16T14:44:09,63.36
617.5,14.301094440991113,0.7264991433454421,25.573767607689373,0.5323676909028286,602.210193619618,8.260858069042001,13.626806254739732,0.7264991433454421,0.06992985355294999,0.0036141527584352515,0.07108792723097335,0.0037899796379317996,RTBE-P-JAGUAR_019375_20240316_144006,OOSTENDE_RT1,270,2024-03-16T14:44:09,63.36
620.0,14.15319028122982,0.7204856226165168,25.341199140362296,0.5349612747576696,598.6042556441434,8.213119610606856,13.485034088215377,0.7204856226165169,0.06961403264346941,0.0036055190161689127,0.07077210632149276,0.0037812499956142985,RTBE-P-JAGUAR_019375_20240316_144006,OOSTENDE_RT1,270,2024-03-16T14:44:09,63.36
622.5,13.953664128001641,0.7111335773508545,25.01673890650005,0.530855417617692,594.0887461027454,8.17918236767994,13.2940627832973,0.7111335773508546,0.0691420797087322,0.003584487241995468,0.07030015338675556,0.003760535840785135,RTBE-P-JAGUAR_019375_20240316_144006,OOSTENDE_RT1,270,2024-03-16T14:44:09,63.36
625.0,13.729094769237031,0.7008751509531008,24.63100121456294,0.5241853550566454,588.5819084851533,8.170800578874097,13.07966393881338,0.7008751509531009,0.06865544853395938,0.0035649220296351536,0.06981352221198275,0.0037409648403650166,RTBE-P-JAGUAR_019375_20240316_144006,OOSTENDE_RT1,270,2024-03-16T14:44:09,63.36
627.5,13.511666048719041,0.6912399089819874,24.248495324720256,0.5173492919761161,582.9874345606638,8.096568544403388,12.872320521589337,0.6912399089819874,0.06820806560378338,0.003549138489148297,0.06936613928180674,0.0037249417246229192,RTBE-P-JAGUAR_019375_20240316_144006,OOSTENDE_RT1,270,2024-03-16T14:44:09,63.36
630.0,13.35081778335046,0.6844630147165575,23.970345928828284,0.5138799703552521,579.5614503841579,8.03869237612823,12.718806054452601,0.6844630147165575,0.06778596605515122,0.003534664788161579,0.06894403973317459,0.0037102260291158903,RTBE-P-JAGUAR_019375_20240316_144006,OOSTENDE_RT1,270,2024-03-16T14:44:09,63.36
632.5,13.293777508897547,0.68354594419466,23.870299625936994,0.5120527098764436,578.3820679149159,8.03022514087479,12.664403640840241,0.68354594419466,0.06763105317646341,0.003537203327344021,0.06878912685448678,0.0037128103304007397,RTBE-P-JAGUAR_019375_20240316_144006,OOSTENDE_RT1,270,2024-03-16T14:44:09,63.36
635.0,13.273879787399148,0.684556956191975,23.830621758123286,0.519144684658202,579.5577791660163,8.094823439086861,12.645552081875763,0.684556956191975,0.0673893170207529,0.003535245301553556,0.06854739069877626,0.003710758757532701,RTBE-P-JAGUAR_019375_20240316_144006,OOSTENDE_RT1,270,2024-03-16T14:44:09,63.36
637.5,13.264350737432586,0.6864630898251146,23.801920217390094,0.5267019375753922,581.7956083106322,8.190731712488528,12.63677978821279,0.6864630898251146,0.06707828627484323,0.0035313126825851624,0.0682363599528666,0.0037067784100626713,RTBE-P-JAGUAR_019375_20240316_144006,OOSTENDE_RT1,270,2024-03-16T14:44:09,63.36
640.0,13.230123578055784,0.6880816592134364,23.718597977312175,0.5207307724168088,582.5516944812854,8.196964843429248,12.60474953634678,0.6880816592134364,0.06681699002681413,0.003534887966160442,0.06797506370483748,0.003710696074070474,RTBE-P-JAGUAR_019375_20240316_144006,OOSTENDE_RT1,270,2024-03-16T14:44:09,63.36
642.5,13.119758184490326,0.6852468988610992,23.507014008893233,0.5236019541478002,581.5237740638988,8.171783384258353,12.499962850326245,0.6852468988610994,0.06637105103221631,0.003526490321172187,0.06752912471023967,0.0037019408653113273,RTBE-P-JAGUAR_019375_20240316_144006,OOSTENDE_RT1,270,2024-03-16T14:44:09,63.36
645.0,12.956183505777993,0.6792126000892467,23.222352305873642,0.5219934838272695,578.3970310538825,8.163252333214807,12.343893675940409,0.6792126000892467,0.06588840755713922,0.0035139452977500213,0.06704648123516259,0.0036891775028271515,RTBE-P-JAGUAR_019375_20240316_144006,OOSTENDE_RT1,270,2024-03-16T14:44:09,63.36
647.5,12.744880290652675,0.6701430892546426,22.88712844873682,0.5191886987688509,573.9682830786516,8.183091999016359,12.141429107121901,0.6701430892546426,0.06529755742831883,0.003492830306461111,0.06645563110634217,0.0036680016442090756,RTBE-P-JAGUAR_019375_20240316_144006,OOSTENDE_RT1,270,2024-03-16T14:44:09,63.36
650.0,12.490259094574448,0.6580480632527754,22.52877205611395,0.5215266998720512,568.8925454704121,8.126326126879366,11.896256479034129,0.6580480632527755,0.06453656805585634,0.0034587104243985834,0.06569464173387972,0.003633935754096522,RTBE-P-JAGUAR_019375_20240316_144006,OOSTENDE_RT1,270,2024-03-16T14:44:09,63.36
652.5,12.14418754788623,0.6407275785172639,22.12028898069001,0.5113294045199323,564.1516139182817,8.044828129371338,11.560955160505763,0.6407275785172638,0.0632214493166355,0.0033925769344309315,0.06437952299465885,0.0035680214395589533,RTBE-P-JAGUAR_019375_20240316_144006,OOSTENDE_RT1,270,2024-03-16T14:44:09,63.36
655.0,11.796910706620439,0.6234710077250895,21.80499981945444,0.5029113255842865,560.7767537588998,7.9914969693308295,11.221991359380775,0.6234710077250895,0.061709948894175255,0.0033171880860907985,0.0628680225721986,0.003492819423177241,RTBE-P-JAGUAR_019375_20240316_144006,OOSTENDE_RT1,270,2024-03-16T14:44:09,63.36
657.5,11.48056947651183,0.6078590862467398,21.62270433396989,0.49985065848154014,563.0126769850887,8.048056436409198,10.910456604960645,0.6078590862467398,0.05972192373340687,0.0032159974093114246,0.06087999741143024,0.0033918341768015606,RTBE-P-JAGUAR_019375_20240316_144006,OOSTENDE_RT1,270,2024-03-16T14:44:09,63.36
660.0,11.23566700146127,0.5958422926596625,21.623813854332152,0.5062718595191984,567.605931571015,8.161397257401818,10.665524875852407,0.5958422926596625,0.05787361139249281,0.003121643107871441,0.05903168507051617,0.0032978756302575697,RTBE-P-JAGUAR_019375_20240316_144006,OOSTENDE_RT1,270,2024-03-16T14:44:09,63.36
662.5,11.058442886347722,0.5865660237408566,21.711770071321126,0.5035425215664586,572.7491129790033,8.28278239506329,10.485981671939241,0.5865660237408566,0.056358703283705784,0.0030408798423017585,0.05751677696172914,0.0032173799474696104,RTBE-P-JAGUAR_019375_20240316_144006,OOSTENDE_RT1,270,2024-03-16T14:44:09,63.36
665.0,10.862361489696395,0.5749990838752542,21.705917454729768,0.5081807074838091,576.2644445206304,8.35269680976534,10.290054587718009,0.5749990838752542,0.05493971303291004,0.0029581810829983715,0.05609778671093341,0.003134694348921765,RTBE-P-JAGUAR_019375_20240316_144006,OOSTENDE_RT1,270,2024-03-16T14:44:09,63.36
667.5,10.655653666584593,0.5629932001094023,21.610627677622322,0.5121976249864668,576.78756418165,8.361895779249284,10.085859212985332,0.5629932001094023,0.05377664263059101,0.002889943697176736,0.05493471630861437,0.003066458799253315,RTBE-P-JAGUAR_019375_20240316_144006,OOSTENDE_RT1,270,2024-03-16T14:44:09,63.36
670.0,10.455290291348687,0.5534172484727581,21.4421283081985,0.5035338957908357,576.248369485561,8.405412554597936,9.889938559523403,0.5534172484727581,0.052759924130440124,0.0028402771293279563,0.053917997808463486,0.0030171218770198324,RTBE-P-JAGUAR_019375_20240316_144006,OOSTENDE_RT1,270,2024-03-16T14:44:09,63.36
672.5,10.31246053912462,0.5473036826690729,21.255707377724967,0.5048052296012749,574.8940166668912,8.429063045247323,9.752024056120574,0.5473036826690731,0.05213329176349793,0.0028138340471366655,0.05329136544152129,0.0029908212277534774,RTBE-P-JAGUAR_019375_20240316_144006,OOSTENDE_RT1,270,2024-03-16T14:44:09,63.36
675.0,10.20485036502913,0.5433172079475247,21.071914622714672,0.5059246784018274,572.9259692118893,8.344880649988884,9.649259835320787,0.5433172079475247,0.05175285275968466,0.00280218294803195,0.052910926437708006,0.0029792354349111247,RTBE-P-JAGUAR_019375_20240316_144006,OOSTENDE_RT1,270,2024-03-16T14:44:09,63.36
677.5,10.103157958757945,0.5400882098837796,20.840731623495554,0.5038272538679407,568.2823537096156,8.331476494421397,9.553662892480212,0.5400882098837796,0.051656723336113465,0.002808631951983947,0.05281479701413682,0.002985729085876831,RTBE-P-JAGUAR_019375_20240316_144006,OOSTENDE_RT1,270,2024-03-16T14:44:09,63.36
680.0,9.97170096115147,0.5359925548730136,20.497665447970963,0.49520016745195905,557.8742795626571,8.207486807781597,9.431251314884088,0.5359925548730136,0.05195272732220659,0.002841183309000295,0.053110801000229954,0.0030183687157757932,RTBE-P-JAGUAR_019375_20240316_144006,OOSTENDE_RT1,270,2024-03-16T14:44:09,63.36
682.5,9.608846810272409,0.5168692158777016,19.697925761232383,0.48538977718040993,541.7854941893503,7.97098008554287,9.089483420481452,0.5168692158777016,0.051548125814152086,0.00282026070033311,0.052706199492175455,0.002997113338919701,RTBE-P-JAGUAR_019375_20240316_144006,OOSTENDE_RT1,270,2024-03-16T14:44:09,63.36
685.0,9.183120387661184,0.4952754446119355,18.79384566634264,0.46793451777507244,520.1346422827208,7.634391429051593,8.687594335284127,0.4952754446119353,0.05131465227100463,0.002814982201089289,0.05247272594902799,0.0029914440835312234,RTBE-P-JAGUAR_019375_20240316_144006,OOSTENDE_RT1,270,2024-03-16T14:44:09,63.36
687.5,8.8046014664277,0.47713374358059,18.02885117556853,0.4492062685195962,504.52140119385314,7.387892582463305,8.32924556479219,0.47713374358059,0.0507071130402746,0.0027950133740286907,0.05186518671829796,0.0029710530813273277,RTBE-P-JAGUAR_019375_20240316_144006,OOSTENDE_RT1,270,2024-03-16T14:44:09,63.36
690.0,8.592596896286919,0.46878654721230884,17.667309155099044,0.4365209173943845,498.2062522612022,7.345148080733785,8.126773556179913,0.4687865472123084,0.050087794846519124,0.0027803500732177045,0.051245868524542486,0.002956077660887681,RTBE-P-JAGUAR_019375_20240316_144006,OOSTENDE_RT1,270,2024-03-16T14:44:09,63.36
692.5,8.624954346771235,0.4736898005878797,17.90867637122913,0.44808823474992215,499.8125319203662,7.437058750760843,8.152767022096858,0.4736898005878797,0.05008648572636032,0.0028013049839464297,0.05124455940438369,0.002977397129058778,RTBE-P-JAGUAR_019375_20240316_144006,OOSTENDE_RT1,270,2024-03-16T14:44:09,63.36
695.0,8.599660149066352,0.4740647310877444,18.140380860465893,0.46154644199532535,506.49849012859585,7.509608595685416,8.121363611146966,0.4740647310877445,0.04921525764510255,0.0027644439850134043,0.050373331323125915,0.002940419972689658,RTBE-P-JAGUAR_019375_20240316_144006,OOSTENDE_RT1,270,2024-03-16T14:44:09,63.36
697.5,8.49190008112615,0.46980588503207155,18.30511372409163,0.47025690022191596,511.84865350232985,7.592760963037907,8.009260130631262,0.46980588503207193,0.04800066223914805,0.0027075767212545857,0.04915873591717139,0.0028835451786985884,RTBE-P-JAGUAR_019375_20240316_144006,OOSTENDE_RT1,270,2024-03-16T14:44:09,63.36
700.0,8.280466604774022,0.46097665576161756,18.35212847508439,0.46801906685661415,515.9335050569046,7.679891379265758,7.796587044548554,0.46097665576161795,0.04631645616381272,0.00263034799212283,0.04747452984183608,0.002806952564666955,RTBE-P-JAGUAR_019375_20240316_144006,OOSTENDE_RT1,270,2024-03-16T14:44:09,63.36
702.5,7.99938290411669,0.44664067054838125,18.359002102347755,0.47260811653053253,519.0032182715462,7.751736049359718,7.515322111085348,0.44664067054838125,0.04433312927092195,0.0025268454208472305,0.045491202948945306,0.0027035729259294664,RTBE-P-JAGUAR_019375_20240316_144006,OOSTENDE_RT1,270,2024-03-16T14:44:09,63.36
705.0,7.69117236813178,0.43122269526742824,18.378467008292645,0.47420259500821565,521.5506212406017,7.764398361947963,7.206598355604331,0.4312226952674282,0.042251320404347946,0.0024203920496619078,0.043409394082371315,0.002597496765109557,RTBE-P-JAGUAR_019375_20240316_144006,OOSTENDE_RT1,270,2024-03-16T14:44:09,63.36
707.5,7.332841627188959,0.41332551626855385,18.342644486204865,0.474472604543687,520.7763210386455,7.7388879670086,6.8492121256078855,0.4133255162685539,0.04015992337255896,0.002315957588163812,0.04131799705058232,0.002493393714331606,RTBE-P-JAGUAR_019375_20240316_144006,OOSTENDE_RT1,270,2024-03-16T14:44:09,63.36
710.0,6.90131418996026,0.39150513990648994,18.18417139652861,0.4744175463166312,514.4009402295704,7.659022793519024,6.421863053250828,0.39150513990648994,0.03806206806870194,0.002213589856252302,0.0392201417467253,0.002391033093415346,RTBE-P-JAGUAR_019375_20240316_144006,OOSTENDE_RT1,270,2024-03-16T14:44:09,63.36
712.5,6.295873499199336,0.35830615966669943,17.63323993935311,0.4602412752653037,501.6335234654634,7.505496409742851,5.830948441662377,0.35830615966669943,0.0353595511035839,0.002065899906092616,0.03651762478160726,0.002243972833331529,RTBE-P-JAGUAR_019375_20240316_144006,OOSTENDE_RT1,270,2024-03-16T14:44:09,63.36
715.0,5.616320672188675,0.31972833509177,16.8718217498986,0.4427106244526511,480.87193149722907,7.2314335216215495,5.171471471202148,0.31972833509177,0.03262775518412866,0.0019108120314411702,0.03378582886215201,0.0020888226633260843,RTBE-P-JAGUAR_019375_20240316_144006,OOSTENDE_RT1,270,2024-03-16T14:44:09,63.36
717.5,4.948472375831269,0.282042254599413,16.103355860415263,0.42889420865930344,460.7541098248227,6.9276783894943454,4.523884853873217,0.2820422545994131,0.029687453512211946,0.0017451035555236375,0.030845527190235308,0.0019230688476946979,RTBE-P-JAGUAR_019375_20240316_144006,OOSTENDE_RT1,270,2024-03-16T14:44:09,63.36
720.0,4.36019585945954,0.24997128333178248,15.488541349954014,0.42348845991970424,445.54984741424215,6.6988452993625085,3.951818782810113,0.2499712833317825,0.026706383976816274,0.0015838640122025236,0.027864457654839633,0.001762559120783211,RTBE-P-JAGUAR_019375_20240316_144006,OOSTENDE_RT1,270,2024-03-16T14:44:09,63.36
722.5,3.943106893859361,0.2259306216224643,15.246356469974856,0.4209487033481334,436.24228215581957,6.566888872475566,3.541115360629416,0.2259306216224643,0.024343218740242836,0.001448259750391907,0.025501292418266198,0.0016270361909957753,RTBE-P-JAGUAR_019375_20240316_144006,OOSTENDE_RT1,270,2024-03-16T14:44:09,63.36
725.0,3.5927983134372607,0.2056832772424946,15.166493314352858,0.4221332689441601,433.94541685666127,6.550098963680594,3.192912484113708,0.20568327724249458,0.021957345943887516,0.0013097205551318375,0.02311541962191087,0.0014890653240030283,RTBE-P-JAGUAR_019375_20240316_144006,OOSTENDE_RT1,270,2024-03-16T14:44:09,63.36
727.5,3.2985658553296417,0.18882085507047666,15.244425993439696,0.4241009978313943,438.301684172507,6.567621597890621,2.896625221816213,0.18882085507047666,0.019603919363917893,0.0011732228554133806,0.02076199304194125,0.0013534016239382762,RTBE-P-JAGUAR_019375_20240316_144006,OOSTENDE_RT1,270,2024-03-16T14:44:09,63.36
730.0,3.0572842871296504,0.1750348695929455,15.477703438807623,0.4264792790851576,446.823039606618,6.700637752732307,2.6491929671806735,0.1750348695929455,0.01746828267764671,0.001049520074522819,0.018626356355670073,0.0012306622794548941,RTBE-P-JAGUAR_019375_20240316_144006,OOSTENDE_RT1,270,2024-03-16T14:44:09,63.36
732.5,2.893910590903046,0.16304779188061339,15.847518744080247,0.44266103571683274,458.2000679972045,6.922979378963317,2.4760685726891287,0.16304779188061339,0.015818787263411925,0.0009355962168889139,0.016976860941435284,0.0011179172176798932,RTBE-P-JAGUAR_019375_20240316_144006,OOSTENDE_RT1,270,2024-03-16T14:44:09,63.36
735.0,2.7691174950646573,0.1553778151679322,16.15817377240204,0.44900566129034936,469.8594669148833,7.101932140879548,2.3430846221119968,0.1553778151679322,0.014508349910074186,0.000855117936629998,0.01566642358809754,0.0010388931947407922,RTBE-P-JAGUAR_019375_20240316_144006,OOSTENDE_RT1,270,2024-03-16T14:44:09,63.36
737.5,2.6731900052318336,0.1496395729945487,16.385386992950995,0.45219242979650864,478.4311671646222,7.2611430952384595,2.241166337620891,0.14963957299454872,0.013558425130926248,0.0007974706584589108,0.014716498808949607,0.0009826002473710712,RTBE-P-JAGUAR_019375_20240316_144006,OOSTENDE_RT1,270,2024-03-16T14:44:09,63.36
740.0,2.6024690777741655,0.14479850315429707,16.52050844816923,0.4560509034426268,484.95918392836097,7.339484614769828,2.1668827438263567,0.14479850315429707,0.012879113645767966,0.0007521564582672807,0.014037187323791323,0.0009380127830047168,RTBE-P-JAGUAR_019375_20240316_144006,OOSTENDE_RT1,270,2024-03-16T14:44:09,63.36
742.5,2.560742219189926,0.14141435943776226,16.589509111603007,0.46505798858846603,489.5232242493544,7.35876869617526,2.123336586149756,0.1414143594377622,0.012468774425813673,0.0007233737106392084,0.013626848103837031,0.0009075490001583233,RTBE-P-JAGUAR_019375_20240316_144006,OOSTENDE_RT1,270,2024-03-16T14:44:09,63.36
745.0,2.527149271029526,0.1385437728535432,16.595412818383526,0.4698671577914789,491.629475859509,7.431846419354913,2.0895879784948983,0.13854377285354316,0.01219473481823749,0.0006997762753803083,0.013352808496260849,0.0008853173382990634,RTBE-P-JAGUAR_019375_20240316_144006,OOSTENDE_RT1,270,2024-03-16T14:44:09,63.36
747.5,2.490937510851652,0.13660131641474826,16.521223014278814,0.4695380498942286,490.596536671244,7.395653263761042,2.0553323363679707,0.13660131641474826,0.01200348879942663,0.0006874497329759614,0.01316156247744999,0.000874742604240692,RTBE-P-JAGUAR_019375_20240316_144006,OOSTENDE_RT1,270,2024-03-16T14:44:09,63.36
750.0,2.4421313560455915,0.13508969231690787,16.325466815694096,0.4637087835937352,483.94217232794534,7.31067194715237,2.0116875677962747,0.13508969231690787,0.011901137206420888,0.0006887693300227066,0.013059210884444245,0.0008769576392092346,RTBE-P-JAGUAR_019375_20240316_144006,OOSTENDE_RT1,270,2024-03-16T14:44:09,63.36
752.5,2.3517641366952873,0.1310048918749805,15.842272780302627,0.4525652338894764,467.84103567965525,7.1114822005049865,1.9340604356607158,0.1310048918749805,0.011829307917187582,0.0006927741531549187,0.01298738159521094,0.000879709077466591,RTBE-P-JAGUAR_019375_20240316_144006,OOSTENDE_RT1,270,2024-03-16T14:44:09,63.36
755.0,2.1339759276893133,0.11792926986668636,14.489907532019389,0.41162222133421433,430.5177721116881,6.5206159235903876,1.751929229737078,0.11792926986668642,0.011626179038780583,0.0006752523997685045,0.012784252716803944,0.0008605584992209706,RTBE-P-JAGUAR_019375_20240316_144006,OOSTENDE_RT1,270,2024-03-16T14:44:09,63.36
757.5,1.8367326453028971,0.10058474438410964,12.60548104510722,0.36049258680959334,376.3569797003269,5.730075236934334,1.5043714898751817,0.10058474438410965,0.011399478528461461,0.0006551750791575985,0.012557552206484818,0.0008396185299178911,RTBE-P-JAGUAR_019375_20240316_144006,OOSTENDE_RT1,270,2024-03-16T14:44:09,63.36
760.0,1.5247546465085136,0.08320143321265282,10.618514824634591,0.3112269908962191,330.9588067958174,5.044804942258324,1.2447826372362678,0.08320143321265282,0.010657898304466305,0.0006061269541782252,0.011815971982489664,0.0007897811026079494,RTBE-P-JAGUAR_019375_20240316_144006,OOSTENDE_RT1,270,2024-03-16T14:44:09,63.36
762.5,1.3740464952991114,0.07580166437232518,9.680186499820065,0.2862129527454503,306.1264790480388,4.632135483896105,1.118814825970256,0.07580166437232519,0.01032365259709553,0.0005953977211086205,0.01148172627511889,0.0007779070685505983,RTBE-P-JAGUAR_019375_20240316_144006,OOSTENDE_RT1,270,2024-03-16T14:44:09,63.36
765.0,1.5008374529419093,0.08270470975980256,10.554120606766045,0.30951661614638093,324.14235179732617,4.853497079987997,1.2225632873756729,0.08270470975980257,0.010691028486107,0.0006182231200958506,0.011849102164130359,0.0008015753176281331,RTBE-P-JAGUAR_019375_20240316_144006,OOSTENDE_RT1,270,2024-03-16T14:44:09,63.36
767.5,1.7191217926427564,0.09530151015407627,11.98202778713577,0.35174586855818957,364.01409830702363,5.481329471827689,1.40319885519602,0.09530151015407627,0.010952114458951794,0.0006383604234388924,0.012110188136975153,0.0008224915616414798,RTBE-P-JAGUAR_019375_20240316_144006,OOSTENDE_RT1,270,2024-03-16T14:44:09,63.36
770.0,1.9536355269923982,0.10904190034073391,13.470591143906022,0.39839564517248116,402.89481380378976,6.096600166964498,1.5984645326557148,0.10904190034073391,0.011306034224990307,0.0006651314811211146,0.012464107903013666,0.0008502597236477449,RTBE-P-JAGUAR_019375_20240316_144006,OOSTENDE_RT1,270,2024-03-16T14:44:09,63.36
772.5,2.106515261971602,0.11703948730227194,14.39483815818055,0.4273831859705554,433.8878493693954,6.592254982522901,1.7269752011577508,0.11703948730227196,0.01134620043975661,0.0006619248601558536,0.012504274117779969,0.0008474318744420431,RTBE-P-JAGUAR_019375_20240316_144006,OOSTENDE_RT1,270,2024-03-16T14:44:09,63.36
775.0,2.173813895786724,0.12141718295328616,14.737485800451381,0.4339713669820888,450.5692646063142,6.925542831874208,1.7852394501777027,0.12141718295328616,0.011289502271209189,0.0006596666498346756,0.012447575949232549,0.0008465808921052318,RTBE-P-JAGUAR_019375_20240316_144006,OOSTENDE_RT1,270,2024-03-16T14:44:09,63.36
777.5,2.2091891550916625,0.12451560478877487,14.858989259805504,0.4364495176175217,457.68560688041833,7.017884890918096,1.8174111006719267,0.12451560478877487,0.011316789583113081,0.0006664422041109205,0.012474863261136438,0.0008546856256371416,RTBE-P-JAGUAR_019375_20240316_144006,OOSTENDE_RT1,270,2024-03-16T14:44:09,63.36
780.0,2.2248151375434144,0.1262629280071587,14.83720095502648,0.43731698263604785,460.00911268162764,7.044685060791807,1.833611562282804,0.1262629280071587,0.011364418713538839,0.0006739846860436269,0.012522492391562197,0.0008623018025352891,RTBE-P-JAGUAR_019375_20240316_144006,OOSTENDE_RT1,270,2024-03-16T14:44:09,63.36
782.5,2.2309093642294378,0.12617891674409484,14.734201393771428,0.4376397856672487,458.7455232220713,7.04088108929078,1.842421516600703,0.12617891674409484,0.011459243785294077,0.0006786357384562012,0.012617317463317434,0.0008641016376508031,RTBE-P-JAGUAR_019375_20240316_144006,OOSTENDE_RT1,270,2024-03-16T14:44:09,63.36
785.0,2.2240351302103876,0.12529174583439662,14.546159349969193,0.4294053560121767,454.3541260625843,6.991848951046255,1.84050527432536,0.12529174583439662,0.011567942257655346,0.0006807446518484605,0.012726015935678703,0.0008663190355061548,RTBE-P-JAGUAR_019375_20240316_144006,OOSTENDE_RT1,270,2024-03-16T14:44:09,63.36
787.5,2.2156016695484304,0.1254863331972784,14.325107624147167,0.42832394053897677,448.682731023275,6.8448049303304455,1.8379001518871163,0.1254863331972784,0.011710559803884846,0.000692996513554428,0.012868633481908205,0.0008786318599768903,RTBE-P-JAGUAR_019375_20240316_144006,OOSTENDE_RT1,270,2024-03-16T14:44:09,63.36
790.0,2.209697097915826,0.1262922157284848,14.097049487209217,0.42679357264216444,443.1066345860086,6.762432541424282,1.838008652316273,0.1262922157284848,0.011873269183150776,0.0007102118490465887,0.013031342861174133,0.0008954022940976143,RTBE-P-JAGUAR_019375_20240316_144006,OOSTENDE_RT1,270,2024-03-16T14:44:09,63.36
792.5,2.210320437632791,0.12708520138990947,13.889255682638101,0.41535937597056594,438.12489671903495,6.745629414839374,1.8441107666020817,0.12708520138990947,0.012065198681406647,0.0007273510525672298,0.013223272359430006,0.0009112696814455488,RTBE-P-JAGUAR_019375_20240316_144006,OOSTENDE_RT1,270,2024-03-16T14:44:09,63.36
795.0,2.2227478247943964,0.12856529905954975,13.752056174008379,0.4178934785636709,434.4279096516216,6.683758314112705,1.860155610888022,0.12856529905954972,0.012293758195269433,0.0007462127192884533,0.01345183187329279,0.000929728017143174,RTBE-P-JAGUAR_019375_20240316_144006,OOSTENDE_RT1,270,2024-03-16T14:44:09,63.36
797.5,2.238380662198924,0.13003902381133867,13.631763808828543,0.41935721654934016,431.46051762510575,6.701539025697557,1.878960124909827,0.13003902381133867,0.012523195137247246,0.0007629607472776517,0.013681268815270604,0.00094685289892657,RTBE-P-JAGUAR_019375_20240316_144006,OOSTENDE_RT1,270,2024-03-16T14:44:09,63.36
800.0,2.2524599433310395,0.1306393734344929,13.514895233306945,0.4199822665863662,428.8334343503296,6.694701478345781,1.8961208096515756,0.13063937343449292,0.012732725706461582,0.0007726111377291603,0.013890799384484941,0.0009570515332442403,RTBE-P-JAGUAR_019375_20240316_144006,OOSTENDE_RT1,270,2024-03-16T14:44:09,63.36
802.5,2.2606267645270166,0.1301544135040416,13.38882478203684,0.41948509483022817,426.11181603882073,6.635574875530931,1.9076116547939206,0.13015441350404167,0.012906166117797897,0.0007750222859038008,0.014064239795821254,0.0009595888541596635,RTBE-P-JAGUAR_019375_20240316_144006,OOSTENDE_RT1,270,2024-03-16T14:44:09,63.36
805.0,2.254160929283105,0.13331488769161243,13.226949941963758,0.4067940851648131,422.21918412881433,6.5038703250174725,1.9054138763333113,0.13331488769161237,0.013019477842493316,0.0008066148445630395,0.014177551520516675,0.0009919517812775184,RTBE-P-JAGUAR_019375_20240316_144006,OOSTENDE_RT1,270,2024-03-16T14:44:09,63.36
807.5,2.214783553154121,0.13121429849168334,12.945807736582445,0.3982797554412217,413.33614765595644,6.371479733893683,1.8734492080482936,0.13121429849168334,0.013081218729029974,0.00081255624761893,0.01423929240705333,0.00099730420028622,RTBE-P-JAGUAR_019375_20240316_144006,OOSTENDE_RT1,270,2024-03-16T14:44:09,63.36
810.0,2.1353231818448144,0.12632092308827783,12.51404757160841,0.38875824545836873,399.4901774256585,6.196603912878668,1.8053727979527585,0.12632092308827783,0.013039386583924374,0.0008099706595796915,0.014197460261947735,0.0009933883394233514,RTBE-P-JAGUAR_019375_20240316_144006,OOSTENDE_RT1,270,2024-03-16T14:44:09,63.36
812.5,2.0167380442515346,0.11988164040886043,11.936276974234849,0.3753058385880577,381.9316456780639,5.96544596286713,1.7020213910380688,0.11988164040886043,0.012841965226438086,0.000804298732673552,0.014000038904461443,0.000986090796797256,RTBE-P-JAGUAR_019375_20240316_144006,OOSTENDE_RT1,270,2024-03-16T14:44:09,63.36
815.0,1.8882155731921755,0.11186081724989967,11.342472712745382,0.35646669348438637,363.8836113079979,5.66380233703964,1.5891554006588455,0.11186081724989966,0.012561914738538349,0.0007843845890988216,0.013719988416561708,0.000965751440230117,RTBE-P-JAGUAR_019375_20240316_144006,OOSTENDE_RT1,270,2024-03-16T14:44:09,63.36
817.5,1.7903102810756755,0.10412235538882611,10.980285867936958,0.3443894419255709,352.74442534138797,5.458034485877738,1.5007996717673024,0.10412235538882611,0.012208264340702303,0.0007433731692049254,0.013366338018725664,0.0009273286925723142,RTBE-P-JAGUAR_019375_20240316_144006,OOSTENDE_RT1,270,2024-03-16T14:44:09,63.36
820.0,1.7189625208255086,0.09879317969285344,10.811736211591993,0.34279125345602346,347.72391024452844,5.407196867774511,1.4338959591761893,0.09879317969285344,0.011796793326066675,0.0007071773424220898,0.012954867004090036,0.0008925699913174968,RTBE-P-JAGUAR_019375_20240316_144006,OOSTENDE_RT1,270,2024-03-16T14:44:09,63.36
822.5,1.6668905660879176,0.0958769322522594,10.804228303493773,0.3478030184525003,347.76013130972046,5.475403874785982,1.3820219609466795,0.0958769322522594,0.011326825103381287,0.0006820541261406976,0.012484898781404645,0.0008661322529354741,RTBE-P-JAGUAR_019375_20240316_144006,OOSTENDE_RT1,270,2024-03-16T14:44:09,63.36
825.0,1.6135107842767993,0.0933379470070923,10.886214998435177,0.3438881086090579,350.8196901838371,5.560174067789206,1.326480485142058,0.09333794700709226,0.010720567868774596,0.0006555561829971175,0.011878641546797956,0.0008358419348269069,RTBE-P-JAGUAR_019375_20240316_144006,OOSTENDE_RT1,270,2024-03-16T14:44:09,63.36
827.5,1.5510691101801775,0.09030259070785414,10.988092388389731,0.3503244244021214,355.4804157057509,5.580647249478136,1.2613526710309382,0.09030259070785414,0.009989252896998847,0.0006113784445644065,0.011147326575022208,0.0007980579042721398,RTBE-P-JAGUAR_019375_20240316_144006,OOSTENDE_RT1,270,2024-03-16T14:44:09,63.36
830.0,1.4925404893694838,0.08637975904447534,11.104531269236803,0.35696705057035844,360.87452173390005,5.606324312714855,1.1997539761122786,0.08637975904447534,0.009286382914145673,0.0005633199087140501,0.010444456592169032,0.0007519788737900474,RTBE-P-JAGUAR_019375_20240316_144006,OOSTENDE_RT1,270,2024-03-16T14:44:09,63.36
832.5,1.4447378580514176,0.08185566225973887,11.24495468753827,0.3641309150327579,367.20184995926394,5.6632031546460535,1.1482488847779084,0.08185566225973885,0.008665760982153693,0.000513654545811269,0.009823834660177052,0.0007003155001491713,RTBE-P-JAGUAR_019375_20240316_144006,OOSTENDE_RT1,270,2024-03-16T14:44:09,63.36
835.0,1.4166114987374108,0.07805554316197585,11.429307169750826,0.3759954768881097,375.10148204350463,5.787230276899469,1.1152618141768924,0.07805554316197585,0.008182594087829374,0.0004670101955610859,0.009340667765852732,0.0006537396750172892,RTBE-P-JAGUAR_019375_20240316_144006,OOSTENDE_RT1,270,2024-03-16T14:44:09,63.36
837.5,1.403677008261456,0.07690714056103312,11.61101600313142,0.3733429022473472,382.33452338085795,5.981618653366931,1.0975363159164917,0.07690714056103312,0.00786023834005344,0.0004399113464365852,0.009018312018076798,0.0006319358912678192,RTBE-P-JAGUAR_019375_20240316_144006,OOSTENDE_RT1,270,2024-03-16T14:44:09,63.36
840.0,1.3911507776391792,0.07622573647480092,11.713658503235886,0.38139599388334483,387.55863610862656,6.126578255503859,1.0823037720794604,0.07622573647480092,0.007615198963911382,0.000428022091691435,0.00877327264193474,0.0006178941492006552,RTBE-P-JAGUAR_019375_20240316_144006,OOSTENDE_RT1,270,2024-03-16T14:44:09,63.36
842.5,1.3749612712396113,0.07544420141068804,11.74482140952977,0.3856379995364072,390.36172703910853,6.182240275439138,1.0652926120273851,0.07544420141068804,0.007415296127601626,0.00042291350010936914,0.008573369805624984,0.0006071674872060928,RTBE-P-JAGUAR_019375_20240316_144006,OOSTENDE_RT1,270,2024-03-16T14:44:09,63.36
845.0,1.3515788180418424,0.07410031965024969,11.719199017022914,0.36912817385714963,390.21398429320476,6.099899766755555,1.0425857290794094,0.07410031965024969,0.007235730232275067,0.0004154991950722934,0.008393803910298427,0.0005965778501340444,RTBE-P-JAGUAR_019375_20240316_144006,OOSTENDE_RT1,270,2024-03-16T14:44:09,63.36
847.5,1.3164560914113805,0.07085843918449795,11.543473316973563,0.3694278195993177,386.32274502396564,6.059798317325512,1.0120962565467293,0.07085843918449797,0.007072335235890545,0.0003851219738333783,0.008230408913913901,0.0005762237788330285,RTBE-P-JAGUAR_019375_20240316_144006,OOSTENDE_RT1,270,2024-03-16T14:44:09,63.36
850.0,1.2799246307718042,0.06737513902949813,11.351014408454652,0.3637565327078057,381.4434459430276,5.970264676668577,0.9806392444727255,0.06737513902949814,0.0069185339528690685,0.0003643834640801469,0.008076607630892428,0.0005549059606631086,RTBE-P-JAGUAR_019375_20240316_144006,OOSTENDE_RT1,270,2024-03-16T14:44:09,63.36
852.5,1.2462653201035816,0.06662654354936948,11.196194643856556,0.3566585094339762,377.26634175369924,5.893859157351441,0.9510619736458016,0.06662654354936949,0.00676166094665964,0.00036282942455923874,0.007919734624682997,0.0005548161513051997,RTBE-P-JAGUAR_019375_20240316_144006,OOSTENDE_RT1,270,2024-03-16T14:44:09,63.36
855.0,1.219635340718409,0.06945818235109498,11.116643053409453,0.35454804707537413,375.82921612524575,5.923818719660198,0.9265294833149941,0.06945818235109498,0.00658687560539454,0.000379303531790879,0.007744949283417898,0.0005806076431619981,RTBE-P-JAGUAR_019375_20240316_144006,OOSTENDE_RT1,270,2024-03-16T14:44:09,63.36
857.5,1.2109957619736582,0.0672000006979587,11.128002789051687,0.367617792621854,377.38882760455203,5.940342806514839,0.9175903892364058,0.0672000006979587,0.006480454585061132,0.00036628268926017725,0.007638528263084491,0.0005594098528405655,RTBE-P-JAGUAR_019375_20240316_144006,OOSTENDE_RT1,270,2024-03-16T14:44:09,63.36
860.0,1.195152794739675,0.06478775854294422,11.131052727528749,0.363260473096766,377.35887398643007,6.005160217652722,0.9016670061045612,0.06478775854294422,0.006348495367082113,0.00035053720462632104,0.007506569045105472,0.0005393718296084968,RTBE-P-JAGUAR_019375_20240316_144006,OOSTENDE_RT1,270,2024-03-16T14:44:09,63.36
862.5,1.1753490269898095,0.061988713924130294,11.08349471234745,0.3571282916133066,375.780419124979,6.007525728035299,0.8831171720061716,0.06198871392413029,0.00622494650779122,0.00032837057857230007,0.007383020185814579,0.0005182369233686929,RTBE-P-JAGUAR_019375_20240316_144006,OOSTENDE_RT1,270,2024-03-16T14:44:09,63.36
865.0,1.1531331657336126,0.05972438513902926,10.983827687162366,0.3529277844150203,372.86339089806074,5.835819941061699,0.8635291714028148,0.05972438513902926,0.0061176658213828675,0.0003083178869182221,0.007275739499406227,0.0005032129572737778,RTBE-P-JAGUAR_019375_20240316_144006,OOSTENDE_RT1,270,2024-03-16T14:44:09,63.36
867.5,1.1298959133984516,0.06007065071146917,10.878754431982236,0.3409731908662913,371.0711595317471,5.899586161790255,0.8430623225430353,0.06007065071146917,0.005979528722448161,0.0003073182290269279,0.00713760240047152,0.0005085750000340954,RTBE-P-JAGUAR_019375_20240316_144006,OOSTENDE_RT1,270,2024-03-16T14:44:09,63.36
870.0,1.1134609459652596,0.05896131830041453,10.838046383051681,0.35934890781108214,370.6667045922409,5.934197192462905,0.8277006798111656,0.05896131830041452,0.0058571190621137526,0.00029813562844200513,0.007015192740137111,0.0004997277665452049,RTBE-P-JAGUAR_019375_20240316_144006,OOSTENDE_RT1,270,2024-03-16T14:44:09,63.36
872.5,1.097599232437736,0.058197524171149394,10.812007453877065,0.36579570095965513,370.5554632189189,5.975648625192989,0.8125255191058319,0.05819752417114939,0.005730569062534648,0.00029620940224999863,0.006888642740558005,0.0004934022907258618,RTBE-P-JAGUAR_019375_20240316_144006,OOSTENDE_RT1,270,2024-03-16T14:44:09,63.36
875.0,1.0799890156121752,0.058243120723449254,10.778048565584598,0.35666454997804586,369.82850718146733,6.042583054399775,0.7958106759125454,0.058243120723449254,0.0056021217221338985,0.00030065212507545145,0.006760195400157256,0.000494759480769688,RTBE-P-JAGUAR_019375_20240316_144006,OOSTENDE_RT1,270,2024-03-16T14:44:09,63.36
877.5,1.0584292911514384,0.05964862276308638,10.71153852805711,0.3385089641259135,368.3428371207348,6.051830056924525,0.7760045817052738,0.059648622763086384,0.005460462227530903,0.0003084936896417823,0.00661853590555426,0.0005087425522756619,RTBE-P-JAGUAR_019375_20240316_144006,OOSTENDE_RT1,270,2024-03-16T14:44:09,63.36
880.0,1.0350885691523342,0.055723917692444044,10.607714937024555,0.34945455037420226,366.38001759802484,5.93178711872747,0.75540131403677,0.055723917692444,0.005319253426900025,0.0002707777870179612,0.006477327104923383,0.0004778149518074811,RTBE-P-JAGUAR_019375_20240316_144006,OOSTENDE_RT1,270,2024-03-16T14:44:09,63.36
882.5,1.012371782103141,0.053838095296594814,10.522102596864856,0.34488939409298397,364.0164065257616,5.765253051761601,0.7349418161931638,0.053838095296594814,0.005184738813877283,0.00025964791940698436,0.006342812491900641,0.00046464214698817285,RTBE-P-JAGUAR_019375_20240316_144006,OOSTENDE_RT1,270,2024-03-16T14:44:09,63.36
885.0,0.9872432314108103,0.05109123332712318,10.414991589604947,0.33405335405495007,361.09964154660537,5.625163215087395,0.7126373971626505,0.051091233327123196,0.005041922539116562,0.00024461738192215095,0.00619999621713992,0.0004444973763913754,RTBE-P-JAGUAR_019375_20240316_144006,OOSTENDE_RT1,270,2024-03-16T14:44:09,63.36
887.5,0.9564978830898121,0.046004221113113315,10.243902142012494,0.32458400514308827,355.78987179391606,5.688354586785121,0.6864030616526539,0.046004221113113315,0.0049028037860169025,0.00021099842956464563,0.00606087746404026,0.0004062131458502879,RTBE-P-JAGUAR_019375_20240316_144006,OOSTENDE_RT1,270,2024-03-16T14:44:09,63.36
890.0,0.9133835895060578,0.05006625498923413,9.926816860782987,0.3174521210657631,345.30190330599345,5.4297069792178165,0.6516491654279093,0.05006625498923413,0.004770698249457371,0.00026013023973408113,0.00592877192748073,0.00045550799853990047,RTBE-P-JAGUAR_019375_20240316_144006,OOSTENDE_RT1,270,2024-03-16T14:44:09,63.36
892.5,0.8594210032782893,0.04624899692768143,9.49024673471194,0.30766186221734304,329.42331430822986,5.213470124597328,0.6091973617721803,0.04624899692768143,0.0046516242795991624,0.00023381009895703063,0.005809697957622522,0.00044106018813213965,RTBE-P-JAGUAR_019375_20240316_144006,OOSTENDE_RT1,270,2024-03-16T14:44:09,63.36
895.0,0.7984827081309355,0.040146056484276826,8.984088379434457,0.2952771225988611,309.031356810536,5.114580320032459,0.5616046402834148,0.040146056484276826,0.004551162531355902,0.00019775406905321838,0.00570923620937926,0.0004081221964764223,RTBE-P-JAGUAR_019375_20240316_144006,OOSTENDE_RT1,270,2024-03-16T14:44:09,63.36
897.5,0.7359455359076521,0.035087286267577865,8.472976249036378,0.28588409368331424,289.6343027958336,4.6913165647909585,0.5125436549350595,0.035087286267577865,0.004401362360611522,0.00019166318608562424,0.005559436038634882,0.00038058323792650666,RTBE-P-JAGUAR_019375_20240316_144006,OOSTENDE_RT1,270,2024-03-16T14:44:09,63.36
900.0,0.6861367506582202,0.035461692027991855,8.123756630608066,0.2786658065268566,278.6965097433857,4.388365151401779,0.4719425338329557,0.035461692027991855,0.004161875246243187,0.0002337707056570826,0.005319948924266546,0.0003997401735012109,RTBE-P-JAGUAR_019375_20240316_144006,OOSTENDE_RT1,270,2024-03-16T14:44:09,63.36
902.5,0.6664126616887884,0.042911713424600074,7.938583618633413,0.2764461965766219,272.2803835949111,4.2548190002470525,0.4571007905664525,0.04291171342460007,0.004115991484636758,0.00030044096969173784,0.005274065162660117,0.0004951187517358622,RTBE-P-JAGUAR_019375_20240316_144006,OOSTENDE_RT1,270,2024-03-16T14:44:09,63.36
905.0,0.647876242038399,0.038909640671033176,7.795128594004413,0.27199522307419055,268.0513520761204,4.264528121013022,0.442346763477441,0.03890964067103318,0.00402628122903682,0.00024074470569321595,0.005184354907060179,0.00045602546056631586,RTBE-P-JAGUAR_019375_20240316_144006,OOSTENDE_RT1,270,2024-03-16T14:44:09,63.36
907.5,0.626859105948562,0.028692588699757486,7.6527228872904765,0.2653783276069408,261.89527679826296,4.245782420311748,0.4250843532131063,0.028692588699757483,0.003941070901964428,0.00013976159134501838,0.005099144579987787,0.0003441850001024131,RTBE-P-JAGUAR_019375_20240316_144006,OOSTENDE_RT1,270,2024-03-16T14:44:09,63.36
910.0,0.6057089083266113,0.022787926899509144,7.4791900112763665,0.263874178019242,254.98427249931342,4.078361765899926,0.408509592813294,0.022787926899509144,0.003875063162628874,0.00017789900839678866,0.005033136840652233,0.00028076391942264556,RTBE-P-JAGUAR_019375_20240316_144006,OOSTENDE_RT1,270,2024-03-16T14:44:09,63.36
912.5,0.5863204382729792,0.027341062431961636,7.36918644760641,0.2717121052748731,250.96776759625823,4.064956284237743,0.39202152072080954,0.027341062431961636,0.0037492175703367605,0.0001714691004100332,0.004907291248360119,0.0003422530379111169,RTBE-P-JAGUAR_019375_20240316_144006,OOSTENDE_RT1,270,2024-03-16T14:44:09,63.36
915.0,0.5753877980211706,0.031464189073996555,7.326987148160421,0.25522902959601373,250.6531588009473,4.110314981115814,0.38220152407791375,0.031464189073996555,0.0036322968322782187,0.000194463562648784,0.004790370510301577,0.00039436034127352177,RTBE-P-JAGUAR_019375_20240316_144006,OOSTENDE_RT1,270,2024-03-16T14:44:09,63.36
917.5,0.5718156397901043,0.03250126508881711,7.357280420469049,0.24279916853646108,254.3965008467885,3.984340840937284,0.3778306413118491,0.032501265088817115,0.003507831564758639,0.00019534732393228048,0.004665905242781997,0.00040136454430596095,RTBE-P-JAGUAR_019375_20240316_144006,OOSTENDE_RT1,270,2024-03-16T14:44:09,63.36
920.0,0.5716393611783867,0.03103226623578055,7.439680413527888,0.250552326805347,257.96018540440593,4.095380826905457,0.37548177152314516,0.03103226623578055,0.0034147667900694604,0.00020095648104757427,0.004572840468092818,0.00037792940595748854,RTBE-P-JAGUAR_019375_20240316_144006,OOSTENDE_RT1,270,2024-03-16T14:44:09,63.36
922.5,0.5519880023587376,0.026396130078791682,7.395131610844822,0.2724857087601558,254.84104700483465,4.15302512060485,0.35700500425455856,0.026396130078791682,0.003242961052616548,0.00014780802125441452,0.004401034730639907,0.00032540240009749824,RTBE-P-JAGUAR_019375_20240316_144006,OOSTENDE_RT1,270,2024-03-16T14:44:09,63.36
925.0,0.5039688586747514,0.023776422392153197,6.97942970778142,0.24161734456626038,242.25680142421018,3.997863681529236,0.31994642322750344,0.023776422392153197,0.0029910000604421966,0.0001425961640446697,0.004149073738465555,0.0003083332788871352,RTBE-P-JAGUAR_019375_20240316_144006,OOSTENDE_RT1,270,2024-03-16T14:44:09,63.36
927.5,0.4477519823626004,0.02620067514126547,6.299263746003883,0.20296812339279938,217.39385726328285,3.4993186779153644,0.28166307472996366,0.02620067514126547,0.0029122834953511927,0.00022157997487902843,0.004070357173374551,0.0003786300568888914,RTBE-P-JAGUAR_019375_20240316_144006,OOSTENDE_RT1,270,2024-03-16T14:44:09,63.36
930.0,0.3868881893129485,0.026829629781928595,5.454506598341665,0.1741901221788053,180.35345511630763,2.756938059175869,0.24307248653843286,0.026829629781928595,0.0030760272850354656,0.00028819832391264885,0.004234100963058824,0.00046734767441568954,RTBE-P-JAGUAR_019375_20240316_144006,OOSTENDE_RT1,270,2024-03-16T14:44:09,63.36
932.5,0.3133678200692411,0.02475363390610054,4.617533866250578,0.14666531713699277,148.3887644085595,2.2741993133174465,0.1916200751381318,0.02475363390610054,0.0028987848229128114,0.00042006887230527874,0.00405685850093617,0.000524068211896041,RTBE-P-JAGUAR_019375_20240316_144006,OOSTENDE_RT1,270,2024-03-16T14:44:09,63.36
935.0,0.27504190384840044,0.013433410707047039,4.081257555994476,0.13706271602912296,126.2642646811782,2.104504692698856,0.16743383462402772,0.01343341070704704,0.003007862789792022,0.00026664762344082675,0.0041659364678153805,0.00033423791360505503,RTBE-P-JAGUAR_019375_20240316_144006,OOSTENDE_RT1,270,2024-03-16T14:44:09,63.36
937.5,0.25170091552400187,0.014935782754863916,3.828216252676912,0.14908161947160678,117.5411601647266,2.064900365286619,0.15076463451942132,0.014935782754863916,0.0028715025790391523,0.0002940318607451361,0.004029576257062511,0.0003991975688561791,RTBE-P-JAGUAR_019375_20240316_144006,OOSTENDE_RT1,270,2024-03-16T14:44:09,63.36
940.0,0.2405116306861785,0.018806588919149415,3.7734269682524766,0.16167527892723854,119.49283441143005,2.2076608684947967,0.14101994587044644,0.018806588919149412,0.002549489441877387,0.00032383202219535463,0.003707563119900745,0.0004944450592246682,RTBE-P-JAGUAR_019375_20240316_144006,OOSTENDE_RT1,270,2024-03-16T14:44:09,63.36
942.5,0.2396150614696297,0.025557832026666425,3.8172390694835685,0.1558304679672122,121.01497851273889,2.0758893286784774,0.13896820926799816,0.025557832026666425,0.0024495913456324893,0.000526432949824634,0.003607665023655847,0.0006634905721873516,RTBE-P-JAGUAR_019375_20240316_144006,OOSTENDE_RT1,270,2024-03-16T14:44:09,63.36
945.0,0.2467125856207037,0.022037326680561853,3.9571668652269074,0.13957860119411739,122.19791797282512,1.9420184253233734,0.14237634118538495,0.022037326680561853,0.0025022871115317397,0.0004065299092361159,0.003660360789555098,0.0005665587822847163,RTBE-P-JAGUAR_019375_20240316_144006,OOSTENDE_RT1,270,2024-03-16T14:44:09,63.36
